SIMULATED ANNEALING
cost: 617
assignment: 2 6 4 5 2 8 6 3 3 8 5 4 3 5 9 1 3 10 4 2 2 8 6 1 1 7 10 2 1 9 5 6 10 7 2 3 7 4 1 9 10 10 6 10 9 4 5 3 5 8 
time: 0.110000
cost: 608
assignment: 7 5 4 1 4 6 9 1 9 2 10 7 8 4 4 2 10 5 8 1 7 9 6 7 5 6 4 10 3 2 4 2 6 2 7 8 3 6 7 5 1 9 4 2 3 10 3 10 3 5 
time: 0.078000
cost: 648
assignment: 1 4 10 6 3 7 8 1 1 4 7 1 4 7 8 1 2 2 7 3 2 5 7 5 10 5 3 5 9 6 6 9 10 8 10 4 8 10 1 5 5 2 6 3 8 3 4 5 4 3 
time: 0.094000
cost: 598
assignment: 10 8 10 5 1 9 4 3 6 1 4 8 7 7 1 3 4 8 2 5 6 10 1 9 6 6 8 2 6 3 4 4 4 2 7 3 7 5 3 5 2 5 5 9 1 10 2 10 7 9 
time: 0.078000
cost: 608
assignment: 1 7 10 4 7 5 7 8 6 5 6 2 7 5 5 7 9 5 2 4 8 6 1 9 3 2 6 9 3 1 2 6 3 8 6 4 7 10 3 10 9 1 8 10 2 4 10 9 7 8 
time: 0.094000
################################################
TABU SEARCH
cost: 603
assignment: 1 4 4 5 6 6 6 3 3 9 5 5 3 5 9 2 3 10 6 2 9 8 3 1 1 7 2 2 1 9 2 6 10 10 9 3 3 4 8 5 10 10 7 8 7 4 7 4 5 8 
time: 0.234000
cost: 595
assignment: 7 1 4 9 4 7 3 1 9 9 10 3 8 4 8 6 10 5 4 4 7 1 6 1 5 6 8 10 3 2 4 2 7 2 7 8 6 1 2 5 5 5 4 2 3 10 9 10 3 6 
time: 0.172000
cost: 629
assignment: 1 10 10 6 5 8 8 3 1 3 1 9 7 5 7 8 10 5 7 3 2 2 7 1 2 4 3 9 4 7 6 6 3 8 10 2 1 6 1 5 10 9 1 3 8 3 4 5 9 4 
time: 0.140000
cost: 591
assignment: 8 8 2 10 1 3 4 6 6 1 4 10 7 8 4 3 4 8 9 5 6 10 1 1 10 2 4 2 6 3 4 9 7 2 7 3 7 5 3 5 7 5 5 9 1 2 1 10 6 9 
time: 0.141000
cost: 590
assignment: 1 7 4 5 6 5 7 8 2 9 1 8 7 3 5 7 9 5 1 2 5 6 4 9 3 4 6 9 7 2 2 6 3 8 8 4 7 1 3 6 9 1 8 10 8 2 10 9 10 1 
time: 0.141000
################################################
ITERATED LOCAL SEARCH
cost: 657
assignment: 2 4 4 9 3 10 6 10 7 9 5 5 3 5 5 1 7 6 6 2 3 4 10 1 2 7 2 2 8 8 2 6 10 7 9 5 3 1 4 6 1 10 6 10 7 4 5 3 3 4 
time: 13.953000
cost: 655
assignment: 7 1 4 3 3 7 5 10 9 9 2 6 9 4 3 6 1 10 6 4 3 1 7 1 4 6 8 10 2 2 4 2 7 7 4 8 6 8 3 5 5 9 2 7 6 10 9 8 3 5 
time: 15.047000
cost: 673
assignment: 4 1 10 5 8 6 1 4 1 3 9 9 7 5 10 8 4 3 7 6 6 10 7 2 7 5 3 2 9 6 6 3 10 8 2 2 8 6 1 5 10 1 3 7 8 3 2 5 1 3 
time: 13.515000
cost: 718
assignment: 8 4 1 9 8 9 3 3 7 10 10 4 2 7 4 5 8 8 5 1 2 10 6 7 1 6 4 2 1 10 9 4 1 5 3 7 7 9 4 5 3 10 5 2 9 9 6 10 2 1 
time: 12.782000
cost: 635
assignment: 10 3 10 5 8 8 6 8 2 9 6 8 7 5 5 1 9 5 2 2 5 6 1 5 3 2 6 9 7 1 1 6 7 3 6 4 7 1 3 4 9 7 2 10 7 10 8 2 4 1 
time: 13.859000
################################################
GRASP
cost: 680
assignment: 1 4 3 5 8 8 2 3 3 8 6 5 2 5 9 9 6 2 2 7 6 4 7 1 4 2 6 3 8 1 10 10 10 7 9 3 3 10 1 9 5 10 6 10 5 4 7 5 3 4 
time: 0.797000
cost: 626
assignment: 7 5 9 1 4 7 10 1 9 3 10 3 8 4 8 6 7 5 6 1 7 6 6 7 4 10 1 10 3 1 9 1 5 2 4 8 6 8 2 5 5 9 3 4 2 2 9 10 3 6 
time: 0.781000
cost: 617
assignment: 1 1 10 5 8 2 8 4 1 3 1 1 7 5 4 8 4 5 7 6 2 9 7 1 3 5 6 9 3 10 6 9 10 8 10 4 6 6 10 5 7 9 3 3 8 3 2 5 1 6 
time: 0.813000
cost: 615
assignment: 8 8 10 5 1 9 5 2 6 1 4 10 7 7 3 3 4 9 3 5 2 10 1 7 6 5 4 2 6 1 2 4 4 8 10 3 7 7 4 5 2 10 5 9 1 8 1 3 6 9 
time: 0.812000
cost: 602
assignment: 1 7 4 5 7 5 7 8 2 9 1 2 7 5 7 9 6 5 2 2 10 6 4 8 9 2 6 5 3 3 1 1 3 8 6 4 7 1 3 6 6 9 8 10 8 5 10 9 4 1 
time: 0.734000
################################################
THRESHOLD ACCEPTING
cost: 593
assignment: 2 6 4 5 6 8 6 9 1 9 5 9 3 5 7 2 6 10 4 2 3 8 7 1 1 5 2 2 1 2 5 6 10 10 9 3 3 4 1 9 10 3 7 10 8 4 7 4 5 3 
time: 0.782000
cost: 602
assignment: 7 5 4 3 4 7 6 1 9 9 3 3 8 4 8 10 1 6 4 4 7 6 6 1 5 2 8 10 3 2 4 2 7 7 7 8 6 1 2 5 10 5 4 2 9 10 9 10 3 5 
time: 0.765000
cost: 609
assignment: 4 10 10 6 8 2 8 1 2 3 1 9 7 5 4 1 10 1 7 3 7 2 7 1 10 5 3 9 8 6 6 9 3 5 10 4 5 6 3 5 7 2 9 3 8 3 4 5 1 6 
time: 0.828000
cost: 604
assignment: 10 8 10 5 1 9 7 9 4 1 6 10 7 7 1 1 4 8 8 5 6 10 3 3 10 6 6 2 6 3 4 4 4 2 7 4 7 5 3 5 3 5 5 9 3 2 2 10 2 9 
time: 0.829000
cost: 583
assignment: 1 7 4 5 7 5 7 8 2 9 1 8 7 5 7 9 9 5 1 2 8 6 4 9 3 4 6 9 3 2 1 6 3 8 6 8 7 1 3 10 9 6 8 10 2 4 10 2 10 1 
time: 0.718000
################################################
VARIABLE NEIGHBORHOOD SEARCH
cost: 613
assignment: 2 4 3 5 6 8 6 10 1 8 5 5 2 4 9 10 6 10 6 2 9 4 7 1 1 3 2 2 1 4 2 6 1 5 9 3 3 10 4 9 5 10 7 8 7 1 7 9 8 3 
time: 0.110000
cost: 621
assignment: 2 2 1 9 3 5 5 1 9 3 8 7 8 4 10 10 4 6 4 4 7 1 5 1 10 6 8 10 3 1 4 3 5 2 7 8 3 6 4 2 10 9 7 2 3 10 9 5 3 8 
time: 0.109000
cost: 642
assignment: 10 1 10 6 8 2 8 3 1 4 1 9 4 7 4 1 10 5 10 2 7 9 8 1 3 2 3 9 9 5 6 6 4 8 10 2 10 6 1 5 7 2 7 4 8 3 2 5 1 3 
time: 0.094000
cost: 622
assignment: 10 8 10 5 8 3 4 6 1 10 4 10 7 7 1 7 4 9 2 5 6 10 3 3 10 8 8 2 9 3 4 4 4 8 7 2 1 5 3 1 5 5 8 9 1 2 2 3 6 9 
time: 0.109000
cost: 743
assignment: 4 7 10 7 6 9 3 9 1 3 6 6 7 1 8 1 2 2 4 10 5 10 1 4 5 5 1 9 3 9 5 10 8 4 6 8 7 2 8 6 7 3 2 1 8 5 7 2 4 10 
time: 0.094000
################################################
