SIMULATED ANNEALING
cost: 667
assignment: 1 10 4 8 9 9 7 6 3 1 8 10 5 5 4 6 5 4 3 2 4 6 9 9 2 1 2 7 3 10 5 1 8 8 2 4 2 9 9 1 
time: 0.125000
cost: 703
assignment: 8 4 9 7 3 9 1 10 2 8 7 2 7 6 10 1 4 3 9 8 5 5 3 4 10 6 8 1 7 2 5 4 2 10 3 5 6 6 9 7 
time: 0.078000
cost: 681
assignment: 2 1 2 10 4 3 5 6 3 6 9 4 7 10 7 9 2 3 4 5 7 6 8 10 9 4 10 4 5 6 1 1 7 3 8 1 5 8 3 2 
time: 0.094000
cost: 648
assignment: 1 2 5 9 3 10 9 3 10 7 8 4 7 7 10 8 7 3 2 7 6 1 9 8 10 6 9 4 5 4 10 6 8 2 8 6 1 2 3 5 
time: 0.110000
cost: 652
assignment: 7 5 1 8 7 4 5 10 9 10 6 5 8 10 7 9 10 1 7 3 7 7 1 10 2 2 3 6 3 9 4 6 4 4 8 9 4 2 6 6 
time: 0.093000
################################################
TABU SEARCH
cost: 652
assignment: 1 6 10 8 2 4 4 6 9 1 4 7 5 3 6 10 5 8 8 7 1 6 3 9 2 1 2 5 8 10 9 10 2 3 2 5 9 7 9 1 
time: 0.157000
cost: 654
assignment: 8 6 6 3 3 9 7 5 2 9 5 2 7 6 10 1 1 9 10 3 5 9 5 4 10 6 2 7 7 1 2 4 8 6 8 5 4 4 10 2 
time: 0.171000
cost: 667
assignment: 7 1 1 6 4 5 5 3 3 6 9 4 4 1 8 10 2 3 3 5 10 6 8 7 9 5 7 4 2 6 7 1 10 3 8 9 2 6 10 2 
time: 0.157000
cost: 638
assignment: 2 2 8 6 3 10 9 2 10 7 8 8 7 7 10 5 7 9 2 10 6 1 9 4 5 1 9 4 5 4 6 10 8 4 8 3 1 3 3 6 
time: 0.172000
cost: 662
assignment: 9 7 1 5 4 4 6 10 8 5 9 8 6 10 7 10 10 1 7 3 4 7 2 1 2 8 3 6 1 9 4 10 2 7 3 1 3 2 5 6 
time: 0.171000
################################################
ITERATED LOCAL SEARCH
cost: 696
assignment: 10 5 4 10 10 7 6 6 3 3 1 9 2 5 4 2 5 8 3 7 1 7 8 9 2 1 5 6 1 10 5 10 2 3 8 4 9 7 9 4 
time: 9.172000
cost: 717
assignment: 1 4 9 3 1 1 7 5 2 7 5 2 6 3 10 9 2 9 10 8 10 9 6 6 3 8 2 10 9 9 5 4 4 8 7 3 5 4 10 2 
time: 8.031000
cost: 720
assignment: 7 1 3 5 5 4 5 3 4 7 3 6 9 1 7 9 4 3 2 6 4 1 8 2 7 8 10 6 2 5 1 1 10 8 10 9 2 6 10 10 
time: 6.250000
cost: 673
assignment: 10 3 2 10 2 7 9 4 10 7 8 8 5 7 1 4 6 8 2 10 6 1 4 8 5 6 9 4 5 7 9 10 3 2 9 3 1 2 1 6 
time: 6.516000
cost: 714
assignment: 6 8 4 8 4 7 8 3 9 5 9 8 6 10 9 10 10 1 5 1 7 7 1 5 2 10 3 6 3 9 2 5 4 1 3 6 4 2 10 2 
time: 6.422000
################################################
GRASP
cost: 664
assignment: 1 10 10 8 2 9 4 7 9 3 4 1 6 5 4 2 5 8 3 2 1 6 3 9 7 1 2 3 5 10 7 10 8 8 2 5 9 7 9 4 
time: 0.406000
cost: 660
assignment: 8 4 6 7 3 9 7 5 2 2 5 1 7 6 10 1 8 7 10 8 5 9 9 4 4 6 2 8 10 2 4 5 1 6 9 3 4 6 3 2 
time: 0.422000
cost: 711
assignment: 10 1 3 9 4 5 5 5 2 6 8 7 3 1 8 8 2 3 3 6 10 6 7 10 6 4 7 4 2 9 2 1 1 3 10 8 2 4 7 9 
time: 0.437000
cost: 660
assignment: 2 2 5 9 3 10 9 3 10 7 1 8 7 7 10 3 6 4 2 9 7 4 4 8 8 6 8 4 5 10 6 10 8 2 8 2 1 5 1 6 
time: 0.422000
cost: 682
assignment: 7 7 6 4 7 6 8 10 9 5 9 5 8 1 3 10 10 1 9 2 4 5 7 2 2 1 3 2 3 5 4 5 4 6 3 1 4 1 8 10 
time: 0.453000
################################################
THRESHOLD ACCEPTING
cost: 655
assignment: 1 4 5 5 9 7 8 6 9 1 4 10 2 3 7 6 5 4 3 7 4 6 9 9 3 1 2 1 8 10 7 10 8 3 2 5 2 7 9 4 
time: 0.610000
cost: 652
assignment: 8 9 6 3 3 1 7 5 2 7 2 2 7 6 10 1 8 2 10 1 5 9 9 4 4 6 2 6 7 2 4 5 4 6 3 5 8 4 9 10 
time: 0.609000
cost: 673
assignment: 2 9 2 7 4 3 5 3 3 6 9 7 4 6 8 8 2 1 3 8 7 5 10 10 4 5 10 4 9 6 1 1 1 3 10 9 5 2 10 10 
time: 0.609000
cost: 641
assignment: 2 6 8 9 3 3 9 10 10 7 8 8 7 7 1 3 5 5 2 6 7 1 9 4 10 2 9 4 5 4 6 10 8 4 8 1 1 2 3 5 
time: 0.610000
cost: 656
assignment: 2 5 1 5 4 4 6 8 9 5 9 5 6 10 7 9 10 1 7 3 7 7 1 10 2 8 4 2 3 9 10 6 2 7 8 1 4 3 2 6 
time: 0.609000
################################################
VARIABLE NEIGHBORHOOD SEARCH
cost: 672
assignment: 1 10 10 8 10 9 6 6 3 1 4 7 1 2 5 6 5 8 8 7 1 4 3 9 2 1 2 5 8 10 9 4 2 8 5 3 9 9 6 4 
time: 0.063000
cost: 675
assignment: 8 6 9 7 3 1 7 5 2 9 5 3 7 6 10 3 7 9 4 8 2 4 3 4 4 6 3 6 7 1 2 5 1 6 8 10 8 4 9 10 
time: 0.062000
cost: 689
assignment: 8 1 8 5 9 6 5 3 3 6 9 7 7 1 5 8 2 2 3 9 10 5 8 10 7 4 10 4 6 6 1 2 1 3 10 8 6 4 10 2 
time: 0.063000
cost: 709
assignment: 5 2 6 9 2 10 7 2 1 5 8 4 5 7 1 4 5 3 3 7 7 1 6 1 8 8 2 9 9 10 6 10 10 8 3 2 1 9 4 9 
time: 0.078000
cost: 681
assignment: 9 7 5 8 4 8 5 4 9 5 6 1 6 10 3 3 10 1 7 3 7 8 1 2 2 1 2 6 3 5 2 6 2 7 8 9 4 10 6 4 
time: 0.078000
################################################
