SIMULATED ANNEALING
cost: 443
assignment: 2 5 5 4 1 1 2 5 4 3 4 4 3 1 5 4 4 4 2 3 3 2 1 5 5 3 2 2 5 5 
time: 0.047000
cost: 439
assignment: 1 1 4 3 3 4 5 4 3 2 1 4 1 4 2 2 4 4 2 2 4 3 1 1 5 5 5 5 2 1 
time: 0.047000
cost: 442
assignment: 3 4 1 5 2 1 4 5 2 3 3 1 4 3 4 3 1 2 2 3 1 5 2 2 4 1 5 3 5 1 
time: 0.047000
cost: 399
assignment: 1 5 5 4 1 3 1 2 4 4 3 2 3 3 2 4 1 4 5 2 4 4 1 3 5 2 3 5 1 2 
time: 0.031000
cost: 416
assignment: 4 5 4 2 3 5 3 4 1 1 2 3 4 5 4 2 1 5 5 4 2 1 1 5 5 3 3 2 4 1 
time: 0.047000
################################################
TABU SEARCH
cost: 446
assignment: 2 5 5 3 1 1 4 5 4 3 2 4 1 2 5 4 4 4 2 3 3 2 5 5 2 3 1 2 5 1 
time: 0.078000
cost: 436
assignment: 1 4 4 3 5 4 2 5 3 5 1 4 1 4 4 2 4 3 5 1 2 5 1 1 5 4 3 2 2 1 
time: 0.094000
cost: 428
assignment: 3 4 1 5 2 1 4 3 2 3 3 5 4 3 3 2 4 4 1 3 1 5 2 1 4 1 5 2 3 1 
time: 0.078000
cost: 407
assignment: 5 4 3 4 1 3 2 5 4 5 4 1 4 3 2 4 3 2 5 3 4 1 1 2 5 2 3 5 1 2 
time: 0.078000
cost: 427
assignment: 2 5 4 2 3 4 3 4 5 4 1 3 4 5 2 1 2 3 5 1 2 3 1 4 5 5 3 2 4 1 
time: 0.094000
################################################
ITERATED LOCAL SEARCH
cost: 452
assignment: 2 5 5 4 1 2 5 1 4 3 4 4 3 1 5 4 4 5 2 3 3 2 2 5 2 3 1 4 5 1 
time: 3.375000
cost: 458
assignment: 1 5 3 3 3 4 5 2 3 2 1 1 2 4 2 4 2 4 4 1 4 3 1 1 5 5 5 2 2 1 
time: 3.078000
cost: 468
assignment: 4 5 1 2 2 1 4 3 4 3 2 5 4 3 3 3 1 1 1 3 5 3 2 4 4 2 5 3 2 1 
time: 3.078000
cost: 420
assignment: 5 1 3 4 1 2 1 2 4 4 3 5 4 3 5 4 1 2 5 3 4 4 5 3 5 4 1 5 2 2 
time: 3.078000
cost: 445
assignment: 2 5 4 2 3 4 5 4 4 1 1 1 4 5 4 2 2 3 5 4 3 1 1 3 5 2 3 2 5 1 
time: 3.110000
################################################
GRASP
cost: 471
assignment: 2 2 4 3 1 3 2 5 4 1 3 4 2 2 5 1 5 4 4 5 5 2 1 5 5 3 1 4 5 3 
time: 0.203000
cost: 449
assignment: 1 5 4 3 5 3 2 5 3 3 1 3 4 4 2 2 4 4 2 1 5 1 1 1 5 4 5 2 2 4 
time: 0.172000
cost: 448
assignment: 3 4 1 5 2 1 4 3 2 3 3 1 2 3 3 2 1 5 2 3 1 5 4 2 4 1 5 4 3 1 
time: 0.171000
cost: 407
assignment: 4 5 3 4 1 3 2 5 4 4 4 5 3 3 2 4 1 2 5 2 4 1 1 3 5 2 3 5 1 2 
time: 0.172000
cost: 451
assignment: 2 5 3 5 3 4 5 4 5 4 4 3 2 4 1 2 1 1 5 3 3 1 1 4 5 2 3 2 2 1 
time: 0.172000
################################################
THRESHOLD ACCEPTING
cost: 438
assignment: 1 5 5 4 1 3 2 5 4 2 4 4 3 2 5 4 4 4 2 3 1 2 5 5 3 1 1 2 5 1 
time: 0.422000
cost: 434
assignment: 5 1 4 4 5 4 2 2 3 5 1 4 1 4 2 5 4 3 4 1 2 3 1 1 5 5 3 2 2 1 
time: 0.422000
cost: 436
assignment: 4 4 1 2 2 1 4 3 2 3 3 5 4 3 5 4 1 2 2 3 5 5 5 1 4 1 3 2 3 1 
time: 0.422000
cost: 397
assignment: 5 5 3 4 1 3 2 2 4 4 4 5 4 3 2 4 1 2 5 3 4 4 1 3 5 2 1 5 1 2 
time: 0.406000
cost: 423
assignment: 4 5 3 2 3 4 5 4 5 1 1 1 4 5 4 5 3 2 2 3 2 1 1 4 5 3 3 2 4 1 
time: 0.422000
################################################
VARIABLE NEIGHBORHOOD SEARCH
cost: 359
assignment: 2 5 2 4 1 1 2 5 3 3 3 4 4 5 1 4 4 4 1 5 1 2 2 5 5 3 3 4 5 3 
time: 0.031000
cost: 455
assignment: 4 1 4 3 3 5 2 4 1 3 1 4 1 4 2 2 4 3 2 1 5 3 2 1 5 1 5 5 5 4 
time: 0.016000
cost: 453
assignment: 3 4 1 5 2 3 4 4 4 3 3 1 2 3 3 2 4 2 1 3 1 5 5 1 4 1 5 2 2 1 
time: 0.031000
cost: 429
assignment: 5 2 3 5 1 3 1 2 4 4 3 2 3 1 1 4 2 2 5 5 4 4 1 3 5 4 1 5 4 2 
time: 0.016000
cost: 436
assignment: 2 5 4 2 3 4 3 4 1 4 1 1 4 4 2 5 3 3 2 5 3 1 1 5 5 2 3 2 2 1 
time: 0.031000
################################################
