SIMULATED ANNEALING
cost: 541
assignment: 6 5 1 3 5 3 8 7 7 6 4 4 2 5 3 5 8 3 6 4 7 2 4 7 2 1 4 8 8 1 2 6 
time: 0.062000
cost: 547
assignment: 6 4 4 5 4 8 7 5 8 5 1 3 2 2 5 6 2 7 8 7 3 1 1 6 7 6 4 8 7 3 1 4 
time: 0.063000
cost: 524
assignment: 3 5 6 8 2 5 5 3 2 3 5 8 8 7 2 4 8 4 1 4 3 6 1 1 1 2 6 6 7 8 7 7 
time: 0.047000
cost: 521
assignment: 3 6 4 1 7 6 3 8 3 7 1 2 2 4 2 6 1 8 5 1 1 8 3 5 7 8 7 3 6 7 4 3 
time: 0.047000
cost: 531
assignment: 1 5 4 7 6 3 1 7 3 8 6 7 8 1 5 7 4 4 8 8 5 3 1 2 5 1 2 2 5 2 3 6 
time: 0.047000
################################################
TABU SEARCH
cost: 531
assignment: 7 5 2 1 6 3 8 2 4 7 3 4 2 7 3 5 6 3 6 4 5 8 4 7 2 5 2 8 8 1 1 5 
time: 0.109000
cost: 549
assignment: 6 4 5 4 7 8 7 2 8 5 1 3 4 3 1 1 2 7 8 5 3 4 7 8 6 3 6 4 7 1 2 4 
time: 0.094000
cost: 525
assignment: 2 5 6 8 2 5 5 3 2 8 4 8 8 7 2 4 6 7 1 4 3 6 6 1 1 8 4 6 3 5 7 7 
time: 0.093000
cost: 518
assignment: 7 6 4 1 7 1 3 5 3 4 1 2 2 7 2 6 6 8 5 8 1 2 3 1 3 8 8 3 6 7 4 3 
time: 0.094000
cost: 535
assignment: 1 7 4 8 4 7 2 1 6 2 3 1 8 1 5 7 5 5 8 8 1 2 3 8 6 4 2 2 5 3 3 6 
time: 0.078000
################################################
ITERATED LOCAL SEARCH
cost: 557
assignment: 7 5 4 1 2 3 1 2 7 7 3 3 5 5 8 4 8 6 6 3 7 2 4 1 8 1 2 8 8 4 3 5 
time: 4.219000
cost: 552
assignment: 1 4 4 5 4 8 7 5 8 5 3 3 6 3 2 6 2 1 8 7 3 2 7 8 7 6 6 4 7 6 1 4 
time: 3.406000
cost: 536
assignment: 3 6 6 8 1 5 4 3 2 4 2 8 5 7 2 4 8 3 1 4 3 7 6 1 1 8 5 6 7 8 7 7 
time: 3.578000
cost: 528
assignment: 3 6 4 1 7 6 3 8 3 7 1 2 6 7 2 4 1 6 5 1 1 2 2 5 3 8 8 3 8 7 4 3 
time: 3.688000
cost: 575
assignment: 5 4 6 7 3 8 1 1 4 2 1 7 6 8 2 7 5 2 5 8 4 3 7 7 5 3 8 6 6 4 3 1 
time: 3.406000
################################################
GRASP
cost: 536
assignment: 7 8 4 3 5 3 8 2 7 6 4 4 2 5 3 5 6 3 6 4 7 2 4 7 2 1 2 8 8 1 1 5 
time: 0.219000
cost: 546
assignment: 6 4 5 2 4 6 7 5 8 3 1 3 8 8 2 7 2 7 1 5 3 4 1 6 3 6 4 4 7 6 1 4 
time: 0.234000
cost: 533
assignment: 3 1 6 8 1 5 5 7 2 4 7 8 4 7 2 4 6 4 1 5 8 6 6 2 1 8 5 6 2 3 7 8 
time: 0.234000
cost: 524
assignment: 6 6 4 1 7 6 3 8 3 7 1 2 2 4 2 4 6 6 5 1 1 8 3 6 3 8 8 3 5 7 7 3 
time: 0.219000
cost: 541
assignment: 1 2 4 7 6 7 1 1 3 4 3 5 6 1 5 8 1 4 7 8 4 2 3 2 5 8 2 6 5 8 3 6 
time: 0.234000
################################################
THRESHOLD ACCEPTING
cost: 531
assignment: 7 5 4 1 2 3 1 2 7 3 4 4 2 7 3 5 6 6 6 4 5 8 4 8 2 1 2 8 8 1 3 5 
time: 0.485000
cost: 533
assignment: 6 4 6 2 4 8 7 5 8 5 1 3 4 3 2 7 2 2 5 8 3 1 7 6 7 6 8 4 7 1 1 4 
time: 0.484000
cost: 522
assignment: 7 5 6 8 2 5 5 3 2 8 5 4 8 7 2 4 8 7 1 4 3 6 1 2 1 8 6 6 3 1 7 7 
time: 0.485000
cost: 516
assignment: 7 8 4 1 7 6 3 8 3 4 1 2 2 7 2 6 1 6 5 1 1 2 3 5 3 8 8 3 6 7 4 3 
time: 0.484000
cost: 525
assignment: 1 7 4 8 6 3 1 7 3 8 3 1 8 2 5 7 5 4 5 8 4 1 7 2 6 4 2 2 5 3 3 6 
time: 0.484000
################################################
VARIABLE NEIGHBORHOOD SEARCH
cost: 551
assignment: 7 3 1 1 5 3 1 4 7 7 4 4 2 5 3 3 6 3 6 4 7 6 4 8 6 5 8 8 8 1 2 5 
time: 0.032000
cost: 559
assignment: 8 1 6 4 8 7 7 2 5 5 1 3 4 3 5 7 5 2 1 5 3 8 1 8 2 6 6 6 6 1 4 4 
time: 0.046000
cost: 540
assignment: 3 5 6 8 2 5 4 3 7 4 2 8 7 7 2 4 3 4 1 7 8 7 6 2 1 1 6 6 1 5 7 8 
time: 0.032000
cost: 529
assignment: 3 8 4 1 7 6 3 8 3 7 1 2 2 5 2 4 5 8 5 1 1 2 3 4 3 8 7 5 6 4 7 1 
time: 0.047000
cost: 542
assignment: 1 5 6 8 6 5 2 7 3 8 3 4 5 1 4 7 1 5 7 5 4 1 3 2 3 4 2 6 2 8 8 6 
time: 0.046000
################################################
