SIMULATED ANNEALING
cost: 669
assignment: 8 5 1 3 4 4 6 5 2 7 7 7 8 1 8 1 8 4 7 1 1 4 6 3 6 3 2 3 6 2 2 7 6 3 7 8 1 4 5 7 
time: 0.093000
cost: 689
assignment: 4 2 6 7 8 7 5 6 1 7 2 4 4 7 8 3 4 6 1 3 2 4 5 3 6 7 2 8 7 5 3 6 1 1 8 5 2 5 5 1 
time: 0.047000
cost: 678
assignment: 5 4 8 6 1 7 3 2 2 6 4 7 8 4 3 7 4 1 3 5 7 8 2 1 4 6 8 6 5 1 7 2 5 1 5 1 7 2 6 6 
time: 0.063000
cost: 650
assignment: 7 8 1 8 8 5 5 5 7 3 8 7 2 1 6 1 4 5 3 7 3 3 2 6 4 7 4 8 2 2 5 6 1 3 4 1 4 4 8 8 
time: 0.062000
cost: 666
assignment: 1 1 7 2 5 8 3 5 6 3 6 2 6 7 3 1 7 7 8 1 5 5 2 4 1 2 5 4 5 4 3 8 1 3 7 4 7 6 4 8 
time: 0.047000
################################################
TABU SEARCH
cost: 659
assignment: 4 5 3 1 4 6 6 8 7 7 7 5 3 1 8 7 8 4 2 2 1 4 6 3 4 3 2 1 6 2 6 7 5 3 7 8 1 1 5 7 
time: 0.109000
cost: 669
assignment: 4 2 6 7 8 6 5 6 6 7 2 3 4 7 8 4 6 1 1 7 1 8 2 3 1 1 2 8 4 5 3 8 5 2 5 5 7 1 4 3 
time: 0.110000
cost: 680
assignment: 2 8 3 8 3 7 7 2 2 6 4 5 8 4 3 7 4 1 6 1 8 5 2 1 4 2 8 6 5 1 7 2 4 1 5 1 7 3 6 6 
time: 0.094000
cost: 651
assignment: 6 8 1 3 7 5 5 5 7 3 8 7 2 1 2 1 4 5 7 7 3 4 6 6 4 7 7 8 2 2 5 6 1 3 4 1 4 4 8 8 
time: 0.109000
cost: 654
assignment: 1 1 4 2 5 2 5 3 8 7 6 2 6 7 5 1 7 7 4 1 5 5 2 4 4 6 3 8 6 8 3 4 1 3 7 8 2 6 1 8 
time: 0.125000
################################################
ITERATED LOCAL SEARCH
cost: 737
assignment: 2 2 3 1 4 4 5 2 5 7 7 5 8 6 2 3 8 4 8 4 1 8 6 1 4 3 4 6 7 2 6 7 3 5 7 5 7 7 5 8 
time: 7.562000
cost: 687
assignment: 4 2 6 7 7 7 5 6 1 3 2 3 4 7 8 4 4 1 4 4 8 2 5 3 6 7 2 8 8 5 3 6 1 5 5 5 2 1 6 1 
time: 6.625000
cost: 780
assignment: 2 4 7 8 7 6 3 2 2 1 8 8 3 8 3 6 4 6 6 2 2 1 1 4 8 6 5 5 6 5 3 5 5 1 3 7 4 4 8 6 
time: 6.907000
cost: 714
assignment: 7 8 4 3 8 3 4 7 8 3 7 5 1 5 2 1 4 5 7 5 5 6 2 6 2 7 8 2 8 6 3 2 1 6 1 2 4 4 8 1 
time: 7.625000
cost: 670
assignment: 1 1 8 5 3 2 3 5 8 7 2 2 6 7 3 2 5 7 8 8 5 1 2 4 4 6 5 4 6 8 3 2 1 4 7 4 7 6 1 5 
time: 7.125000
################################################
GRASP
cost: 721
assignment: 8 2 5 5 7 6 1 6 4 7 7 8 3 5 2 3 2 4 3 1 1 1 6 6 4 3 4 3 8 2 7 7 8 2 4 8 1 5 4 7 
time: 0.422000
cost: 691
assignment: 3 3 6 7 5 7 5 6 1 6 7 6 4 7 3 4 2 1 1 4 8 5 5 3 2 7 2 1 8 8 4 8 6 2 5 5 7 5 4 1 
time: 0.453000
cost: 693
assignment: 8 4 8 8 3 7 6 2 1 6 5 7 2 5 3 6 4 1 3 1 7 7 2 1 4 6 4 8 1 2 8 5 5 1 6 1 4 2 6 7 
time: 0.422000
cost: 684
assignment: 6 3 1 8 7 6 5 7 6 7 8 7 8 6 4 1 4 5 3 5 4 3 2 6 8 1 7 2 2 2 5 2 1 3 4 2 8 5 4 1 
time: 0.421000
cost: 678
assignment: 1 2 7 8 5 8 5 3 8 3 2 2 6 3 2 3 5 7 4 8 5 1 2 4 1 6 5 4 6 7 3 2 1 4 5 7 7 6 1 8 
time: 0.407000
################################################
THRESHOLD ACCEPTING
cost: 658
assignment: 4 2 3 1 4 8 1 4 2 7 7 5 3 8 3 1 8 4 5 5 7 4 6 6 4 7 2 1 6 2 6 7 6 3 7 8 1 2 5 7 
time: 0.625000
cost: 678
assignment: 4 2 6 7 6 7 5 6 1 6 2 6 4 8 3 4 1 3 3 7 1 8 2 3 7 7 2 8 8 5 4 8 1 2 5 5 5 5 4 7 
time: 0.593000
cost: 666
assignment: 2 8 8 5 3 7 3 2 1 6 4 5 2 5 3 7 4 6 5 1 7 8 2 1 4 6 8 6 5 1 2 1 4 1 7 1 4 3 6 7 
time: 0.610000
cost: 647
assignment: 6 8 1 8 7 5 5 5 6 7 8 7 2 1 6 1 2 5 7 5 3 3 6 4 4 7 7 8 8 2 3 2 1 3 4 1 4 4 4 8 
time: 0.625000
cost: 655
assignment: 1 1 7 2 5 2 5 3 8 1 2 2 6 7 7 8 7 7 8 3 5 5 2 4 4 6 5 4 5 8 3 4 1 3 6 4 7 6 1 8 
time: 0.594000
################################################
VARIABLE NEIGHBORHOOD SEARCH
cost: 679
assignment: 8 5 7 1 4 6 1 4 4 7 8 8 4 8 2 7 2 1 3 2 5 4 6 3 6 3 2 1 3 2 6 8 6 3 7 8 1 7 5 7 
time: 0.062000
cost: 679
assignment: 2 3 6 7 8 6 5 2 4 7 5 1 6 8 3 4 4 1 3 7 6 8 5 4 1 1 2 8 7 5 8 6 6 2 8 5 7 1 2 1 
time: 0.047000
cost: 697
assignment: 5 8 8 8 8 7 7 2 2 6 5 5 2 4 6 7 4 1 3 5 8 1 4 1 4 6 1 7 5 4 2 1 3 7 3 6 3 3 6 4 
time: 0.047000
cost: 665
assignment: 6 7 1 3 1 5 5 5 7 3 8 1 2 6 2 1 4 7 7 7 3 3 6 4 4 7 7 8 2 3 5 6 2 5 8 1 4 4 8 8 
time: 0.047000
cost: 678
assignment: 1 2 5 5 3 2 4 3 8 1 2 2 6 3 7 8 7 7 8 1 5 2 2 3 1 6 5 8 6 8 3 4 1 6 6 5 2 4 4 5 
time: 0.047000
################################################
