SIMULATED ANNEALING
cost: 889
assignment: 6 2 1 1 8 8 7 6 8 4 4 1 2 4 5 8 3 4 6 4 3 7 6 7 5 7 5 6 5 5 7 7 6 3 4 5 2 2 3 1 1 2 3 4 1 2 8 8 
time: 0.093000
cost: 811
assignment: 4 4 8 4 4 8 2 6 5 1 3 6 2 8 3 7 2 1 5 8 7 2 6 5 5 1 7 6 7 1 1 7 3 3 8 8 4 7 3 7 6 3 5 6 5 1 1 2 
time: 0.078000
cost: 846
assignment: 6 2 4 8 4 7 8 4 1 8 8 5 6 5 1 5 4 4 7 2 1 7 1 2 2 2 6 7 5 8 3 3 6 3 5 6 1 3 8 1 6 3 7 6 2 2 7 3 
time: 0.063000
cost: 828
assignment: 6 1 2 5 8 3 6 7 2 3 5 1 8 4 1 8 6 7 7 8 5 8 3 6 4 3 2 1 6 5 8 4 7 6 1 3 4 1 2 1 5 7 5 4 3 3 7 4 
time: 0.078000
cost: 850
assignment: 4 3 1 6 6 3 1 6 7 1 4 2 1 5 5 6 2 3 5 7 2 7 8 8 7 4 5 7 8 6 3 4 3 5 2 8 2 6 1 3 8 7 4 1 3 7 5 8 
time: 0.078000
################################################
TABU SEARCH
cost: 827
assignment: 8 5 2 1 8 3 7 1 8 4 1 5 1 6 5 7 2 8 2 3 8 7 6 7 4 7 2 6 3 5 3 7 2 3 4 8 5 5 6 1 4 4 3 4 7 2 6 5 
time: 0.125000
cost: 812
assignment: 2 6 8 4 4 2 7 1 4 1 5 6 6 5 2 8 5 8 5 8 7 7 1 7 3 1 3 6 8 7 2 5 3 3 8 8 1 1 3 7 6 3 6 4 5 1 4 6 
time: 0.125000
cost: 829
assignment: 6 8 4 8 3 5 8 2 6 8 7 7 1 5 1 5 2 3 7 6 6 3 1 4 4 8 6 5 5 7 1 3 6 3 2 7 1 2 8 1 3 4 7 6 2 2 4 3 
time: 0.141000
cost: 809
assignment: 6 8 2 2 8 3 6 7 2 1 6 8 8 4 1 3 2 7 4 7 5 5 3 6 3 3 4 4 6 5 8 5 7 1 1 5 6 8 4 2 3 7 5 1 8 5 1 4 
time: 0.140000
cost: 1030
assignment: 3 1 1 8 6 3 2 4 2 6 8 6 5 3 5 6 8 4 3 7 2 2 8 7 7 7 5 7 3 1 6 4 3 5 2 8 2 6 1 3 5 7 5 4 1 4 1 8 
time: 0.141000
################################################
ITERATED LOCAL SEARCH
cost: 1041
assignment: 1 2 2 1 7 3 1 6 3 3 3 5 6 4 8 7 6 8 7 3 4 7 2 7 5 1 5 8 5 5 5 8 5 6 4 8 8 2 1 1 4 4 8 2 7 4 6 3 
time: 13.125000
cost: 878
assignment: 5 4 8 4 6 2 2 2 4 7 5 6 6 2 5 8 7 1 5 8 7 7 1 8 3 1 3 4 8 6 1 7 1 3 7 8 3 8 3 4 6 3 5 5 2 6 2 2 
time: 13.563000
cost: 922
assignment: 3 8 4 4 7 1 8 4 4 4 6 4 1 5 1 2 5 3 2 1 6 2 1 4 6 8 6 5 2 7 3 3 6 8 2 3 1 5 8 7 6 6 7 6 7 2 8 5 
time: 12.000000
cost: 838
assignment: 6 5 2 4 8 3 3 6 2 1 5 3 6 4 1 4 2 7 3 7 1 5 3 6 2 3 2 1 6 5 4 6 7 1 1 5 8 8 4 6 4 7 8 1 8 7 8 5 
time: 11.390000
cost: 1105
assignment: 1 6 7 2 3 3 2 1 7 2 5 6 5 2 5 6 8 7 1 7 7 6 8 7 2 4 6 1 4 8 5 5 3 3 3 4 6 6 4 3 8 4 8 4 3 1 2 8 
time: 13.328000
################################################
GRASP
cost: 831
assignment: 2 4 1 1 5 5 7 8 6 3 8 5 6 6 5 8 2 8 2 3 7 7 6 7 3 4 4 2 3 5 5 7 7 3 4 8 3 5 1 1 4 6 7 4 1 2 8 1 
time: 1.344000
cost: 889
assignment: 5 1 8 4 8 5 2 6 4 1 3 1 7 8 5 4 7 4 8 4 8 7 6 2 3 1 7 6 5 6 1 3 7 3 5 3 3 6 4 7 6 2 5 8 2 2 1 2 
time: 0.672000
cost: 874
assignment: 2 8 4 8 5 5 6 4 4 6 8 7 1 5 1 8 5 1 7 3 6 7 4 2 7 1 2 3 5 8 3 8 6 3 3 7 1 2 4 1 4 3 2 1 2 2 5 6 
time: 1.078000
cost: 869
assignment: 6 1 2 2 1 4 1 5 2 3 8 8 7 4 1 4 2 7 6 5 2 5 3 6 8 8 6 3 6 5 4 3 7 4 2 5 7 7 4 6 3 7 3 1 5 6 1 4 
time: 0.766000
cost: 854
assignment: 2 6 5 4 6 3 1 4 5 8 2 7 3 5 5 1 1 3 1 7 6 7 8 7 7 2 5 8 4 8 3 6 3 5 2 8 8 6 7 3 4 7 5 4 3 1 2 1 
time: 0.687000
################################################
THRESHOLD ACCEPTING
cost: 802
assignment: 8 4 1 1 5 3 7 4 8 8 8 5 1 2 5 7 2 8 6 3 3 3 6 7 6 4 5 6 3 4 5 7 2 5 1 8 5 4 3 1 1 6 7 4 7 2 7 2 
time: 0.688000
cost: 797
assignment: 4 4 8 7 6 4 2 2 5 1 5 6 7 8 8 8 2 3 5 8 7 7 5 5 3 1 3 6 4 1 4 2 3 3 8 7 1 1 3 7 6 2 6 1 5 2 6 2 
time: 1.015000
cost: 830
assignment: 6 3 4 8 4 1 3 6 6 8 7 8 7 5 1 8 4 1 5 7 1 7 1 2 2 2 2 3 4 8 3 6 6 3 2 7 1 5 4 1 3 6 5 6 2 5 8 2 
time: 0.703000
cost: 802
assignment: 6 1 2 5 8 3 3 6 2 4 4 8 6 4 1 6 1 7 7 8 5 5 3 6 2 3 7 2 6 5 8 6 7 1 1 3 4 8 4 2 3 7 7 4 3 5 8 5 
time: 0.672000
cost: 812
assignment: 4 3 5 7 6 3 2 4 5 6 8 1 1 3 1 1 8 5 5 7 2 7 6 7 7 7 4 8 4 8 3 6 3 3 2 8 5 6 1 3 2 1 5 1 3 4 2 8 
time: 0.672000
################################################
VARIABLE NEIGHBORHOOD SEARCH
cost: 846
assignment: 2 2 3 1 5 6 7 3 8 4 8 5 6 2 5 7 6 8 2 3 7 7 6 4 3 4 5 6 5 7 1 6 2 5 1 8 5 8 3 1 1 4 7 4 2 8 4 1 
time: 0.078000
cost: 816
assignment: 4 5 6 7 8 4 2 1 4 1 6 2 7 8 3 8 3 1 5 8 7 3 5 4 5 1 6 6 8 5 4 2 1 3 8 1 4 7 3 7 6 3 5 2 2 7 6 6 
time: 0.078000
cost: 831
assignment: 6 8 4 5 4 4 3 6 6 7 4 8 7 5 1 5 4 3 5 6 1 3 5 2 2 1 2 3 5 7 7 8 7 3 2 6 1 2 8 1 3 3 7 6 2 2 8 1 
time: 0.063000
cost: 819
assignment: 6 8 2 2 8 8 6 7 2 3 5 2 7 4 1 6 1 7 3 8 5 5 3 6 7 3 2 4 4 5 7 5 7 1 1 3 6 8 1 6 3 7 3 4 5 5 8 2 
time: 0.078000
cost: 812
assignment: 1 8 5 4 6 3 1 4 6 6 8 1 1 5 5 1 8 4 5 7 2 2 8 7 7 7 4 3 4 8 6 3 2 8 2 8 2 6 7 3 2 7 5 1 3 1 7 5 
time: 0.062000
################################################
