SIMULATED ANNEALING
cost: 508
assignment: 8 2 9 6 1 8 7 4 9 4 3 5 8 5 4 7 3 6 7 6 7 9 10 10 10 2 5 3 2 1 
time: 0.078000
cost: 514
assignment: 5 5 5 1 9 10 1 6 9 3 4 6 10 8 7 10 4 7 8 3 8 2 10 2 4 1 2 7 9 2 
time: 0.047000
cost: 502
assignment: 8 1 5 7 8 5 9 2 9 7 8 7 4 1 3 4 10 10 8 3 6 9 1 5 7 6 10 4 2 6 
time: 0.047000
cost: 528
assignment: 6 5 2 6 8 4 5 10 3 7 7 5 1 9 9 2 8 1 1 1 4 10 6 4 3 7 3 5 2 3 
time: 0.062000
cost: 510
assignment: 1 5 5 9 1 10 7 1 7 5 3 2 6 2 4 9 3 6 10 10 6 1 8 4 8 7 2 9 3 2 
time: 0.047000
################################################
TABU SEARCH
cost: 490
assignment: 5 1 9 5 6 8 3 4 3 4 2 3 8 5 4 9 2 8 7 8 3 9 10 7 10 2 6 10 7 1 
time: 0.094000
cost: 492
assignment: 9 5 6 9 6 10 1 4 8 6 7 5 10 1 3 10 1 7 8 5 5 9 4 2 2 1 7 7 8 2 
time: 0.078000
cost: 505
assignment: 8 10 5 1 7 5 9 3 6 7 8 7 6 1 10 4 9 10 8 4 6 9 1 5 7 8 2 4 3 9 
time: 0.078000
cost: 505
assignment: 8 9 1 5 8 4 3 9 2 7 7 5 1 4 7 1 10 3 10 2 2 6 10 4 3 6 3 5 10 3 
time: 0.094000
cost: 514
assignment: 4 5 10 8 3 5 4 10 7 1 8 9 9 2 10 5 3 2 1 4 6 1 6 9 8 1 2 2 3 7 
time: 0.078000
################################################
ITERATED LOCAL SEARCH
cost: 507
assignment: 10 2 9 5 8 8 9 3 6 8 5 3 8 4 4 9 2 1 7 1 5 9 6 7 3 2 10 10 7 6 
time: 3.328000
cost: 513
assignment: 5 5 3 7 6 10 10 4 3 3 5 8 8 1 9 6 1 7 6 10 5 10 9 2 2 1 7 7 9 2 
time: 2.781000
cost: 603
assignment: 6 9 10 10 2 2 6 1 9 2 7 1 4 8 10 5 7 3 4 4 5 9 7 6 7 6 8 8 3 10 
time: 2.797000
cost: 526
assignment: 8 9 1 2 1 5 3 8 2 7 10 5 9 5 10 4 6 3 10 7 4 9 6 4 2 3 3 5 7 3 
time: 2.797000
cost: 540
assignment: 1 4 6 9 8 10 9 10 7 1 3 2 5 2 1 10 5 2 8 4 8 1 7 9 6 7 6 4 3 2 
time: 2.781000
################################################
GRASP
cost: 499
assignment: 8 7 9 5 8 7 9 4 3 1 2 3 5 5 4 10 2 8 7 1 3 9 6 4 10 2 10 10 6 6 
time: 0.219000
cost: 521
assignment: 4 4 3 10 8 5 1 2 8 3 7 8 9 3 9 6 1 7 6 1 5 9 4 10 2 1 7 9 6 5 
time: 0.203000
cost: 517
assignment: 8 4 5 4 10 1 9 3 9 7 5 7 4 7 8 4 3 6 8 3 1 9 5 5 7 2 10 2 2 6 
time: 0.203000
cost: 519
assignment: 8 5 3 3 1 4 5 10 6 7 7 5 1 9 9 2 8 1 10 2 8 7 2 4 5 6 3 4 10 3 
time: 0.219000
cost: 506
assignment: 1 8 5 4 6 10 7 10 5 8 4 7 2 9 1 5 6 6 10 4 3 1 7 9 1 6 8 4 3 2 
time: 0.203000
################################################
THRESHOLD ACCEPTING
cost: 486
assignment: 10 1 7 5 8 8 9 4 9 1 2 3 8 5 3 9 3 4 7 8 7 2 6 10 10 2 5 10 6 6 
time: 0.484000
cost: 491
assignment: 5 5 3 10 6 2 1 1 7 6 7 8 10 1 9 6 1 4 8 3 5 9 9 2 2 9 2 7 8 5 
time: 0.500000
cost: 501
assignment: 8 4 5 7 10 1 9 3 6 7 8 7 6 1 1 4 9 10 3 3 2 9 10 5 7 6 5 4 8 9 
time: 0.516000
cost: 499
assignment: 8 5 1 3 10 7 5 8 2 9 10 5 1 4 9 2 10 3 10 2 4 7 6 4 3 6 3 5 7 3 
time: 0.500000
cost: 497
assignment: 4 5 5 9 8 10 7 8 1 3 8 9 6 2 1 2 7 6 10 4 6 1 7 4 3 7 5 9 5 2 
time: 0.484000
################################################
VARIABLE NEIGHBORHOOD SEARCH
cost: 503
assignment: 10 10 9 6 8 8 3 4 3 1 6 3 8 1 9 7 2 1 7 8 3 2 9 7 10 5 5 10 7 6 
time: 0.047000
cost: 504
assignment: 1 3 6 10 6 1 1 4 3 6 7 8 5 3 9 7 2 7 4 10 5 10 5 2 9 9 7 9 8 2 
time: 0.047000
cost: 528
assignment: 8 4 2 1 3 1 9 3 9 7 5 9 4 4 8 5 7 6 8 5 7 1 1 2 7 2 10 10 10 6 
time: 0.031000
cost: 525
assignment: 3 5 1 3 9 8 5 6 2 7 10 5 8 4 9 10 10 3 10 2 2 8 6 4 6 4 3 7 8 1 
time: 0.047000
cost: 519
assignment: 1 5 7 9 9 10 6 10 3 4 8 7 6 1 9 5 8 6 8 4 7 2 2 10 6 7 8 5 3 2 
time: 0.032000
################################################
